1.050781098365984656e+00
1.046289916471645265e+00
1.093791540469444490e+00
1.111510597918024423e+00
1.100594729356410451e+00
1.072769607026820227e+00
1.092152638583083757e+00
1.071245613026146515e+00
1.046400231001128889e+00
1.121264847108953244e+00
1.062226599774413138e+00
1.111599735054981553e+00
1.011289776652567918e+00
1.060185254014254008e+00
1.102816718929447548e+00
1.108713405898893667e+00
1.023286853697248144e+00
1.049508257923096322e+00
1.105330527776071214e+00
1.063787921672015635e+00
