1.117791328740044721e+00
1.085890823047757081e+00
1.098522403551910998e+00
1.057083961045041098e+00
1.058869680484793907e+00
1.117522816514650463e+00
1.088653800845648112e+00
1.018541195968999835e+00
1.051972721021681823e+00
1.061571903100216874e+00
1.150354809357543084e+00
1.117476607563465674e+00
1.077012681749616618e+00
1.114401430026741302e+00
1.077022936457108671e+00
1.065132453857675188e+00
1.066116522135063249e+00
1.079640901528560404e+00
1.136517476407099547e+00
1.090994791490236704e+00
