1.335613954149113658e+00
1.316836453925214423e+00
1.315829872907025022e+00
1.331512226113289676e+00
1.288717234543552026e+00
1.294418663611309528e+00
1.295172686809828555e+00
1.287620051319722903e+00
1.288715865562219953e+00
1.245195839984670316e+00
1.286305184594679796e+00
1.282291574289738278e+00
1.274229411436183623e+00
1.323564101221102352e+00
1.321714182779370361e+00
1.287216332906945926e+00
1.298950924162357579e+00
1.315625987670332009e+00
1.305616062779132447e+00
1.329547634944237000e+00
