-8.667835302214436238e-03
-4.934479776083821462e-02
1.303213526369742872e-02
3.158953837247412133e-02
1.547514180580978303e-02
-5.706065618253188844e-03
2.252041565585266580e-02
3.645087890896166888e-02
4.438267117694402915e-03
3.412776663358552814e-02
-4.933735787790866772e-02
1.400064331906208416e-02
-5.593125899391974964e-02
-4.406626801924404258e-02
4.513422359961173636e-02
9.334869000301228292e-02
-1.577813504309499154e-02
-6.164997641782107851e-02
-1.953851384676606392e-02
-4.347661006813479528e-03
