2.083327399881151010e+00
2.049379233841279291e+00
2.087661218917384431e+00
2.087360160858802161e+00
2.039267039041460006e+00
2.113505708806490357e+00
2.108575729190268255e+00
2.071038860339252441e+00
2.039756751519516520e+00
2.054733659272341750e+00
1.978023745961669855e+00
2.066252679253295366e+00
2.074932581894526784e+00
2.008725137885796208e+00
2.014334934155759704e+00
2.021619162087155086e+00
2.035807428733230839e+00
2.015421224475732132e+00
2.032000955966497102e+00
2.082948972074769145e+00
