1.381902915209768778e+01
-8.287303446489158176e+00
-5.468406470790283080e+00
-3.066850571317715435e+00
-9.540288884553014270e+00
-4.150182661698700315e+00
1.661883413905024653e+01
-2.321521690774281410e+01
-2.832882092762721271e+01
8.635914707571904714e+00
-1.249819209453966451e+01
-1.213270101506100218e+01
1.533108561624275268e+01
1.264954870101909279e+01
-5.428685196633244558e+00
1.265580924494547332e+01
2.862970384591017137e+01
-6.412784060896302485e+00
-8.721067597406140237e-01
-4.892832702973429093e+00
